00
00
00
00
00
00
00
00
00
00
00
00
00
00
00
00
00
00
00
00
00
00
00
00
00
00
00
00
00
00
00
00
00
00
00
00
00
00
00
00
00
00
00
00
00
00
00
00
00
00
00
00
00
00
00
00
00
00
00
00
00
00
00
00
00
00
00
00
00
00
00
00
00
00
00
00
00
00
00
00
00
00
00
00
00
00
00
00
00
00
00
00
00
00
00
00
00
00
00
00
00
00
00
00
00
00
00
00
00
00
00
00
00
00
00
00
00
00
00
00
00
00
00
00
00
00
00
00
00
00
00
00
00
00
00
00
00
00
00
00
00
00
00
00
00
00
00
00
00
00
00
00
00
00
00
00
00
00
00
00
00
00
00
00
00
00
00
00
00
00
00
00
00
00
00
00
00
00
00
00
00
00
00
00
00
00
00
00
00
00
00
00
00
00
00
00
00
00
00
00
00
00
00
00
00
00
00
00
00
00
00
00
00
00
00
00
00
00
00
00
00
00
00
00
00
00
00
00
00
00
00
00
00
00
00
00
00
00
00
00
00
00
00
00
00
00
00
00
00
00
00
00
00
00
00
00
00
FF
00
00
00
00
00
00
00
00
00
00
00
00
00
00
00
00
00
00
00
00
00
00
00
00
00
00
00
00
00
00
00
C3
00
00
00
00
00
00
00
00
00
00
00
00
00
00
00
00
00
00
00
00
00
00
00
00
00
00
00
1C
32
00
00
C3
00
00
00
00
00
00
00
00
00
00
00
00
00
00
00
00
00
00
00
00
00
00
00
00
00
00
00
3E
7B
00
00
C3
00
00
00
00
00
00
00
00
00
00
00
00
00
00
00
00
00
00
00
00
00
00
00
00
00
00
00
43
49
00
00
C3
00
00
00
00
00
00
00
00
E0
00
00
00
00
00
00
00
00
00
00
00
00
00
00
00
00
00
00
41
49
00
00
C3
00
00
00
00
00
00
00
00
E0
01
00
00
00
00
00
00
00
00
00
00
00
00
00
00
00
00
00
61
69
00
00
C3
00
00
00
00
00
00
00
00
E0
02
00
00
00
00
00
00
00
00
00
00
00
00
00
00
00
00
00
3E
2F
00
00
C3
00
00
00
00
00
00
00
00
E0
04
00
00
00
00
00
00
00
00
00
00
00
00
00
00
00
00
00
1C
06
00
00
C3
00
00
00
00
00
00
00
00
E0
08
00
00
00
00
00
00
00
00
00
00
00
00
00
00
00
00
00
00
00
00
00
C3
00
00
00
00
00
00
00
00
E0
0E
00
00
00
00
00
00
00
00
00
00
00
00
00
00
00
00
00
1C
1C
00
00
C3
00
00
00
00
00
00
00
00
E0
12
00
00
00
00
00
00
00
00
00
00
00
00
00
00
00
00
00
3E
3E
00
00
C3
00
00
00
00
00
00
00
00
E0
12
00
00
00
00
00
00
00
00
00
00
00
00
00
00
00
00
00
43
63
00
00
C3
00
00
00
00
00
00
00
00
E0
22
00
00
00
00
00
00
00
00
00
00
00
00
00
00
00
00
00
41
41
00
00
C3
00
00
00
00
00
00
00
00
E0
3E
00
00
00
00
00
00
00
00
00
00
00
00
00
00
00
00
00
61
41
00
00
C3
00
00
00
00
00
00
00
00
F8
40
00
00
00
00
00
1F
00
00
00
00
00
00
00
00
00
00
00
3E
63
00
00
C3
00
00
10
00
00
00
00
00
E8
40
00
00
00
00
00
22
00
00
00
00
00
00
00
00
00
00
00
1C
22
00
00
C3
00
00
10
00
00
00
00
00
E8
BE
00
08
00
00
00
44
00
00
00
00
00
00
00
00
00
00
00
00
00
00
00
C3
00
00
10
00
00
00
00
00
E8
BE
00
1C
00
E0
00
48
00
00
00
00
00
00
00
00
00
00
00
1C
3E
00
00
C3
00
00
10
00
00
00
00
00
E8
BE
00
1C
00
90
00
51
00
00
00
00
00
00
00
00
00
00
00
3E
7F
00
00
C3
00
00
38
00
00
00
00
00
E8
BE
00
16
00
48
00
52
00
00
00
00
00
00
00
00
00
00
00
43
41
00
00
C3
00
00
38
00
00
00
00
00
EC
BE
00
3B
00
28
00
34
00
19
00
00
00
00
00
00
00
00
00
41
41
00
00
C3
00
00
78
00
00
00
00
00
EA
80
00
56
00
19
00
7C
00
25
00
00
00
00
00
00
00
00
00
61
41
00
00
C3
00
00
78
00
00
00
00
00
E9
80
00
9A
00
0E
00
CF
00
66
00
00
00
00
00
00
00
00
00
3E
7F
00
00
C3
00
00
F8
00
00
00
00
00
E9
BE
00
96
00
1A
00
CE
00
FC
00
00
20
00
00
00
00
00
00
1C
3E
00