00
C3
00
00
78
01
00
00
00
00
E9
A2
00
9A
00
3E
00
FE
00
FC
00
00
20
00
00
00
00
00
00
00
00
00
00
C3
00
00
78
02
00
00
00
00
E9
A2
00
96
00
1A
00
CE
00
66
00
00
20
00
00
00
00
00
00
1C
7F
00
00
C3
00
00
78
04
00
00
00
00
EA
A2
00
5A
00
0E
00
CF
00
25
00
00
20
00
00
00
00
00
00
3E
7F
00
00
C3
00
00
78
04
00
00
00
00
EC
BE
00
37
00
19
00
7C
00
19
00
00
20
00
00
00
00
00
00
43
44
00
00
C3
00
00
78
04
00
F0
0F
00
E8
80
00
16
00
28
00
34
00
00
00
00
20
00
00
00
00
00
00
41
46
00
00
C3
00
00
F8
07
00
F8
1F
00
E8
80
00
1C
00
48
00
52
00
00
00
00
20
00
00
00
00
00
00
61
4F
00
00
C3
00
00
C8
06
00
FC
3F
00
E8
BE
00
1C
00
90
00
51
00
00
00
00
20
00
00
00
00
00
00
3E
7B
00
00
C3
00
00
A8
06
00
3C
3C
00
E8
BE
00
08
00
E0
00
48
00
00
00
00
20
00
00
00
00
00
00
1C
39
00
00
C3
00
00
68
06
00
1C
38
00
E8
7E
00
00
00
00
00
44
00
00
00
00
20
00
00
00
00
00
00
00
00
00
00
C3
00
00
E8
06
00
1C
38
00
F8
7E
00
00
00
00
00
22
00
00
00
00
20
00
00
00
00
00
00
1C
7F
00
00
C3
00
00
F8
07
00
DC
39
00
E0
3E
00
00
00
00
00
1F
00
00
00
00
20
00
00
00
00
00
00
3E
7F
00
00
C3
00
00
F8
07
00
DC
39
00
E0
20
00
00
00
00
00
00
00
00
00
00
70
00
00
00
00
00
00
43
49
00
00
C3
00
00
E8
06
00
DC
39
00
E0
10
00
00
00
00
00
00
00
00
00
00
70
00
00
00
00
00
00
41
49
00
00
C3
00
00
08
06
00
DC
3D
00
E0
1E
00
00
00
00
00
00
00
00
00
00
F8
00
00
00
00
00
00
61
49
00
00
C3
00
00
E8
06
00
FC
3D
00
E0
0A
00
00
00
00
00
00
00
00
00
00
F8
00
00
00
00
00
00
3E
41
00
00
C3
00
00
F8
07
00
F8
1D
00
E0
0A
00
00
00
00
00
00
00
00
00
00
FC
01
00
00
00
00
00
1C
41
00
00
C3
00
00
F8
07
00
F0
0D
00
E0
06
00
00
00
00
00
00
00
00
00
00
FC
01
00
00
00
00
00
00
00
00
00
C3
00
00
08
06
00
00
00
00
E0
02
00
00
00
00
00
00
00
00
00
00
FE
03
00
00
00
00
00
1C
01
00
00
C3
00
00
E8
07
00
00
00
00
E0
01
00
00
00
00
00
00
00
00
00
00
FE
03
00
00
00
00
00
3E
21
00
00
C3
00
00
E8
07
00
00
00
00
E0
00
00
00
00
00
00
00
00
00
00
00
1E
06
00
00
00
00
00
43
7F
00
00
C3
00
00
F8
07
00
FC
0F
00
00
00
00
00
00
00
00
00
00
00
00
00
1E
06
00
00
00
00
00
41
7F
00
00
C3
00
00
F8
07
00
FC
1F
00
00
00
00
00
00
00
00
00
00
00
00
00
0F
08
00
00
00
00
00
61
01
00
00
C3
00
00
08
06
00
FC
3F
00
00
00
00
00
00
00
00
00
00
00
00
00
0F
08
00
00
00
00
00
3E
01
00
00
C3
00
00
A8
06
00
C0
3D
00
00
00
00
00
00
00
00
00
00
00
00
00
07
10
00
00
00
00
00
1C
00
00
00
C3
00
00
E8
06
00
C0
39
00
00
00
00
00
00
00
00
00
00
00
00
00
07
10
00
00
00
00
00
00
00
00
00
C3
00
00
F8
07
00
C0
39
00
00
00
00
00
00
00
00
00
00
00
00
00
03
20
00
00
00
00
00
00
00
00
00
C3
00
00
F8
07
00
C0
39
00
00
00
00
00
00
00
00
00
00
00
00
00
03
20
00
00
00
00
00
00
00
00
00
C3
00
00
08
06
00
C0
39
00
00
00
00
00
00
00
00
00
00
00
00
00
83
23
00
00
00
00
00
00
00
00
00
C3
00
00
E8
06
00
C0
39
00
00
00
00
00
00
00
00
00
00
00
00
00
83
23
00
00
00
00
00
00
00
00
00
C3
00
00
E8
0E
00
C0
3D
00
00
00
00
00
00
00
00
00
00
00
00
00
63
4C
00
00
00
00
00
00
00
00
00
C3
00
00
F8
1F
00
FC
3F
00
00
00
00
00
00
00
00
00
00
00
00
00
63
4C
00
00
00
00
00
00
00
00
00
C3
00
00
F8
3F
00
FC
1F
00
00
00
00
00
00
00
00
00
00
00
00
00
63
8C
00
00
00
00
00
00
00
00