00
C3
00
00
F8
7F
00
FC
0F
00
00
00
00
00
00
00
00
00
00
00
00
00
63
8C
00
00
00
00
00
00
00
00
00
C3
00
00
F8
FF
00
00
00
00
00
08
00
08
00
08
00
08
00
08
00
00
83
03
01
00
00
00
00
00
00
00
00
C3
00
00
F8
FF
00
00
00
00
00
08
00
08
00
08
00
08
00
08
00
00
83
03
01
00
00
00
00
00
00
00
00
C3
00
00
F8
FF
00
00
00
00
00
08
00
08
00
08
00
08
00
08
00
00
07
80
03
00
00
00
00
00
00
00
00
C3
00
00
F8
FF
00
FC
0F
00
00
08
00
08
00
08
00
08
00
08
00
00
07
80
03
00
00
00
00
00
00
00
00
C3
00
00
F0
03
00
FC
1F
00
00
08
00
08
00
08
00
08
00
08
00
00
FF
FF
03
00
00
00
00
00
00
00
00
C3
00
00
E0
01
00
FC
3F
00
00
00
00
00
00
00
00
00
00
00
00
00
FF
FF
03
00
00
00
00
00
00
00
00
C3
00
00
80
00
00
00
3C
00
00
00
00
00
00
00
00
00
00
00
00
00
07
80
07
00
00
00
00
00
00
00
00
C3
00
00
80
00
00
00
38
00
00
00
00
00
00
00
00
00
00
00
00
00
07
80
07
00
00
00
00
00
00
00
00
C3
00
00
80
00
00
FC
3F
00
00
08
00
08
00
08
00
08
00
08
00
00
03
00
0E
00
00
00
00
00
00
00
00
C3
00
00
80
00
00
FC
3F
00
00
08
00
08
00
08
00
08
00
08
00
00
03
00
0E
00
00
00
00
00
00
00
00
C3
00
00
80
00
00
FC
3F
00
00
08
00
08
00
08
00
08
00
08
00
00
61
18
38
00
00
00
00
00
00
00
00
C3
00
00
80
00
00
00
38
00
00
08
00
08
00
08
00
08
00
08
00
00
61
18
38
00
00
00
00
00
00
00
00
C3
00
00
80
00
00
00
3C
00
00
08
00
08
00
08
00
08
00
08
00
00
61
18
D8
00
00
00
00
00
00
00
00
C3
00
00
40
01
00
FC
3F
00
00
00
00
00
00
00
00
00
00
00
00
00
61
18
D8
00
00
00
00
00
00
00
00
C3
00
00
20
02
00
FC
1F
00
00
00
00
00
00
00
00
00
00
00
00
00
61
18
18
03
00
00
00
00
00
00
00
C3
00
00
10
04
00
FC
0F
00
00
00
00
00
00
00
00
00
00
00
00
00
61
18
18
03
00
00
00
00
00
00
00
C3
00
00
08
08
00
00
00
00
00
08
00
00
00
08
00
08
00
08
00
00
61
18
18
0C
00
00
00
00
7F
00
00
C3
00
00
04
10
00
00
00
00
00
08
00
00
00
08
00
08
00
08
00
00
61
18
18
0C
00
00
00
00
7F
00
00
C3
00
00
FE
3F
00
00
00
00
00
08
00
00
00
08
00
08
00
08
00
00
61
00
18
10
00
00
00
00
08
00
00
C3
00
00
FC
1F
00
F0
0F
00
00
08
00
00
00
08
00
08
00
08
00
00
61
00
18
10
00
00
00
00
08
00
00
C3
00
00
1C
1C
00
F8
1F
00
00
08
00
00
00
08
00
08
00
08
00
00
61
00
F8
3F
00
00
00
00
08
00
00
C3
00
00
5C
1D
00
FC
3F
00
00
00
00
00
00
00
00
00
00
00
00
00
61
00
F8
3F
00
00
00
00
7F
00
00
C3
00
00
DC
1D
00
BC
3D
00
00
00
00
00
00
00
00
00
00
00
00
00
61
40
00
20
00
00
00
00
7F
00
00
C3
00
00
FC
1F
00
9C
39
00
00
00
00
00
00
00
00
00
00
00
00
00
61
40
00
20
00
00
00
00
00
00
00
C3
00
00
FC
1F
00
9C
39
00
00
08
00
36
00
08
00
08
00
08
00
00
61
40
00
20
00
00
00
1C
41
00
00
C3
00
00
1C
1C
00
9C
39
00
00
08
00
79
00
08
00
08
00
08
00
00
61
40
00
20
00
00
00
3E
41
00
00
C3
00
00
DC
1F
00
9C
39
00
00
08
00
59
00
08
00
08
00
08
00
00
01
E0
F0
3F
00
00
00
43
7F
00
00
C3
00
00
DC
1F
00
9C
39
00
00
08
00
4D
00
08
00
08
00
08
00
00
01
E0
F0
3F
00
00
00
41
7F
00
00
C3
00
00
FC
1F
00
1C
38
00
00
08
00
4D
00
08
00
08
00
08
00
00
01
F0
11
29
00
00
00
61
41
00
00
C3
00
00
FC
1F
00
1C
38
00
00
00
00
37
00
00
00
00
00
00
00
00
01
F0
11
29
00
00
00
3E
41
00
00
C3
00
00
1C
1C
00
1C
38
00
00
00
00
06
00
00
00
00
00
00
00
00
01
F8
13
29
00
00
00
1C
00
00