00
C3
00
00
5C
1D
00
1C
38
00
00
00
00
00
00
00
00
00
00
00
00
00
01
F8
13
29
00
00
00
00
00
00
00
C3
00
00
DC
1D
00
00
00
00
00
00
00
1C
00
08
00
08
00
08
00
00
01
FC
17
29
00
00
00
1C
08
00
00
C3
00
00
FC
1F
00
00
00
00
00
00
00
3E
00
08
00
08
00
08
00
00
01
FC
17
29
00
00
00
3E
08
00
00
C3
00
00
FC
1F
00
00
00
00
00
00
00
43
00
08
00
08
00
08
00
00
01
FE
1F
29
00
00
00
43
08
00
00
C3
00
00
1C
1C
00
00
00
00
00
00
00
41
00
08
00
08
00
08
00
00
01
FE
1F
29
00
00
00
41
08
00
00
C3
00
00
DC
1D
00
00
00
00
00
00
00
61
00
08
00
08
00
08
00
00
01
02
10
29
00
00
00
61
08
00
00
C3
00
00
DC
1D
00
00
00
00
00
00
00
3E
00
00
00
00
00
00
00
00
01
02
10
29
00
00
00
3E
00
00
00
C3
00
00
FC
1F
00
00
00
00
00
00
00
1C
00
00
00
00
00
00
00
00
01
32
13
29
00
00
00
1C
00
00
00
C3
00
00
FC
1F
00
00
00
00
00
00
00
00
00
00
00
00
00
00
00
00
01
32
13
29
00
00
00
00
00
00
00
C3
00
00
FC
1D
00
00
00
00
00
01
00
08
00
08
00
08
00
08
00
00
21
32
13
29
00
00
00
1C
32
00
00
C3
00
00
1C
1C
00
00
00
00
00
21
00
08
00
08
00
08
00
08
00
00
21
32
13
29
00
00
00
3E
7B
00
00
C3
00
00
FC
1D
00
00
00
00
00
7F
00
08
00
08
00
08
00
08
00
00
21
FE
1F
29
00
00
00
43
49
00
00
C3
00
00
FC
1F
00
00
00
00
00
7F
00
08
00
08
00
08
00
08
00
00
21
FE
1F
29
00
00
00
41
49
00
00
C3
00
00
FC
1F
00
00
00
00
00
01
00
08
00
08
00
08
00
08
00
00
21
02
10
29
00
00
00
61
69
00
00
C3
00
00
1C
1C
00
00
00
00
00
01
00
00
00
00
00
00
00
00
00
00
21
02
10
29
00
00
00
3E
2F
00
00
C3
00
00
3C
1D
00
00
00
00
00
00
00
00
00
00
00
00
00
00
00
00
21
7E
1C
29
00
00
00
1C
06
00
00
C3
00
00
5C
1C
00
00
00
00
00
00
00
00
00
00
00
00
00
00
00
00
21
7E
1C
29
00
00
00
00
00
00
00
C3
00
00
FC
1F
00
00
00
00
00
1C
00
01
00
00
00
00
00
00
00
00
21
8E
1F
29
00
00
00
1C
1C
00
00
C3
00
00
FC
1F
00
00
00
00
00
3E
00
21
00
00
00
00
00
00
00
00
21
8E
1F
29
00
00
00
3E
3E
00
00
C3
00
00
1C
1C
00
00
00
00
00
43
00
7F
00
00
00
00
00
00
00
00
21
02
10
29
00
00
00
43
63
00
00
C3
00
00
DC
1D
00
FC
3F
00
00
41
00
7F
00
00
00
00
00
00
00
00
21
02
10
29
00
00
00
41
41
00
00
C3
00
00
1C
1C
00
FC
3F
00
00
61
00
01
00
00
00
00
00
00
00
00
21
FE
1F
29
00
00
00
61
41
00
00
C3
00
00
FC
1F
00
FC
3F
00
00
3E
00
01
00
00
00
00
00
00
00
00
21
FE
1F
29
00
00
00
3E
63
00
00
C3
00
00
FC
1F
00
E0
38
00
00
1C
00
00
00
00
00
00
00
00
00
00
21
F2
13
29
00
00
00
1C
22
00
00
C3
00
00
1C
1C
00
E0
38
00
00
00
00
00
00
00
00
00
00
00
00
00
21
F2
13
29
00
00
00
00
00
00
00
C3
00
00
7C
1E
00
E0
38
00
00
1C
00
1C
00
1E
00
0C
00
23
00
00
31
02
10
29
00
00
00
1C
3E
00
00
C3
00
00
3C
1F
00
E0
38
00
00
3E
00
3E
00
3F
00
1C
00
67
00
00
31
02
10
29
00
00
00
3E
7F
00
00
C3
00
00
1C
1C
00
E0
38
00
00
43
00
43
00
69
00
34
00
4F
00
00
31
F2
13
29
00
00
00
43
41
00
00
C3
00
00
FC
1F
00
E0
38
00
00
41
00
41
00
49
00
64
00
4D
00
00
31
F2
13
29
00
00
00
41
41
00
00
C3
00
00
FC
1F
00
E0
38
00
00
61
00
61
00
49
00
7F
00
5D
00
00
31
FE
1F
29
00
00
00
61
41
00
00
C3
00
00
DC
1D
00
E0
3F
00
00
3E
00
3E
00
4F
00
7F
00
79
00
00
31
FE
1F
29
00
00
00
3E
7F
00
00
C3
00
00
1C
1C
00
C0
1F
00
00
1C
00
1C
00
06
00
04
00
31
00
00
31
06
18
29
00
00
00
1C
3E
00