00
C3
00
00
DC
1D
00
80
0F
00
00
00
00
00
00
00
00
00
00
00
00
00
31
06
18
29
00
00
00
00
00
00
00
C3
00
00
FC
1F
00
00
00
00
00
1C
00
1C
00
1C
00
1C
00
1C
00
00
31
F2
13
29
00
00
00
1C
7F
00
00
C3
00
00
FC
1F
00
00
00
00
00
3E
00
3E
00
3E
00
3E
00
3E
00
00
31
F2
13
29
00
00
00
3E
7F
00
00
C3
00
00
1C
1C
00
00
00
00
00
43
00
43
00
43
00
43
00
43
00
00
39
32
13
29
00
00
00
43
44
00
00
C3
00
00
DC
1D
00
FC
3F
00
00
41
00
41
00
41
00
41
00
41
00
00
39
32
13
29
00
00
00
41
46
00
00
C3
00
00
DC
1D
00
FC
3F
00
00
61
00
61
00
61
00
61
00
61
00
00
39
06
19
29
00
00
00
61
4F
00
00
C3
00
00
FC
1F
00
FC
3F
00
00
3E
00
3E
00
3E
00
3E
00
3E
00
00
39
06
19
29
00
00
00
3E
7B
00
00
00
00
00
FC
1F
00
1C
00
00
00
1C
00
1C
00
1C
00
1C
00
1C
00
00
39
FE
1F
29
00
00
00
1C
39
00
00
00
00
00
5C
1C
00
1C
00
00
00
00
00
00
00
00
00
00
00
00
00
00
39
FE
1F
29
00
00
00
00
00
00
00
1C
00
00
5C
1D
00
1C
00
00
00
00
00
00
00
00
00
00
00
00
00
00
39
02
10
29
00
00
00
00
7F
00
00
3E
00
00
1C
1D
00
1C
00
00
00
00
00
00
00
00
00
00
00
00
00
00
39
02
10
29
00
00
00
00
7F
00
00
63
00
00
FC
1F
00
1C
00
00
00
00
00
00
00
00
00
00
00
00
00
00
39
FE
FC
3F
00
00
00
00
49
00
00
41
00
00
FC
1F
00
1C
00
00
00
00
00
00
00
00
00
00
00
00
00
00
39
FE
FC
3F
00
00
00
00
49
00
00
41
00
00
00
00
00
1C
00
00
00
00
00
00
00
00
00
00
00
00
00
00
39
3E
FE
3F
00
00
00
00
49
00
00
63
00
00
00
00
00
1C
00
00
00
00
00
00
00
00
00
00
00
00
00
00
39
3E
FE
3F
00
00
00
00
41
00
00
22
00
00
00
00
00
1C
00
00
00
00
00
00
00
00
00
00
00
00
00
00
39
FE
7C
7C
00
00
00
00
41
00
00
00
00
00
3C
00
00
1C
00
00
00
00
00
00
00
00
00
00
00
00
00
00
39
FE
7C
7C
00
00
00
00
00
00
00
7F
00
00
42
00
00
00
00
00
00
7F
00
7F
00
7F
00
7F
00
7F
00
00
39
02
30
F8
01
00
00
00
00
00
00
7F
00
00
99
00
00
00
00
00
00
7F
00
7F
00
7F
00
7F
00
7F
00
00
39
02
30
F8
01
00
00
00
00
00
00
44
00
00
A5
00
00
00
00
00
00
44
00
44
00
44
00
44
00
44
00
00
39
FE
3F
F8
07
00
00
00
00
00
00
46
00
00
A5
00
00
FC
0F
00
00
44
00
44
00
44
00
44
00
44
00
00
39
FE
3F
F8
07
00
00
00
00
00
00
4F
00
00
81
00
00
FC
1F
00
00
44
00
44
00
44
00
44
00
44
00
00
3D
02
18
F0
1F
00
00
00
00
00
00
7B
00
00
42
00
00
FC
3F
00
00
7C
00
7C
00
7C
00
7C
00
7C
00
00
3D
02
18
F0
1F
00
00
00
00
00
00
39
00
00
3C
00
00
C0
3D
00
00
38
00
38
00
38
00
38
00
38
00
00
3D
9E
13
F1
7F
00
00
00
00
00
00
00
00
00
00
00
00
C0
39
00
00
00
00
00
00
00
00
00
00
00
00
00
3D
9E
13
F1
7F
00
00
00
00
00
00
7F
00
00
00
00
00
C0
39
00
00
3E
00
3E
00
3E
00
3E
00
3E
00
00
3D
9E
13
F1
FF
01
00
00
00
00
00
7F
00
00
00
00
00
C0
39
00
00
7F
00
7F
00
7F
00
7F
00
7F
00
00
3D
9E
13
F1
FF
01
00
00
00
00
00
49
00
00
00
00
00
C0
39
00
00
41
00
41
00
41
00
41
00
41
00
00
3D
02
18
F1
FF
07
00
00
00
00
00
49
00
00
00
00
00
C0
39
00
00
41
00
41
00
41
00
41
00
41
00
00
3D
02
18
F1
FF
07
00
00
00
00
00
49
00
00
00
00
00
C0
3D
00
00
41
00
41
00
41
00
41
00
41
00
00
3D
FE
1F
31
3C
1F
00
00
00
00
00
41
00
00
00
00
00
FC
3F
00
00
7F
00
7F
00
7F
00
7F
00
7F
00
00
3D
FE
1F
31
3C
1F
00
00
00
00
00
41
00
00
00
00
00
FC
1F
00
00
3E
00
3E
00
3E
00
3E
00
3E
00
00
3D
FE
1F
31
39
7F
00
00
00
00