00
00
00
00
00
00
00
FC
0F
00
00
00
00
00
00
00
00
00
00
00
00
00
3D
FE
1F
31
39
7F
00
00
00
00
00
7F
00
00
01
00
00
00
00
00
00
41
00
41
00
41
00
41
00
41
00
00
3D
FE
1F
31
23
FF
00
00
00
00
00
7F
00
00
21
00
00
00
00
00
00
41
00
41
00
41
00
41
00
41
00
00
3D
FE
1F
31
23
FF
00
00
00
00
00
41
00
00
7F
00
00
00
00
00
00
7F
00
7F
00
7F
00
7F
00
7F
00
00
1D
F2
13
31
0F
FF
00
00
00
00
00
41
00
00
7F
00
00
FC
3F
00
00
7F
00
7F
00
7F
00
7F
00
7F
00
00
1D
F2
13
31
0F
FF
00
00
00
00
00
63
00
00
01
00
00
FC
3F
00
00
41
00
41
00
41
00
41
00
41
00
00
0D
02
10
F1
FF
FF
00
00
00
00
00
3E
00
00
01
00
00
FC
3F
00
00
41
00
41
00
41
00
41
00
41
00
00
0D
02
10
F1
FF
FF
00
00
00
00
00
1C
00
00
00
00
00
00
1E
00
00
00
00
00
00
00
00
00
00
00
00
00
05
F2
13
31
00
FF
00
00
00
00
00
00
00
00
00
00
00
00
0F
00
00
00
00
00
00
00
00
00
00
00
00
00
05
F2
13
31
00
FF
00
00
00
00
00
41
00
00
30
00
00
80
07
00
00
7F
00
7F
00
7F
00
7F
00
7F
00
00
01
02
10
31
33
FF
00
1C
32
00
00
41
00
00
79
00
00
C0
03
00
00
7F
00
7F
00
7F
00
7F
00
7F
00
00
01
02
10
31
33
FF
00
3E
7B
00
00
7F
00
00
49
00
00
E0
01
00
00
38
00
38
00
38
00
38
00
38
00
00
02
F2
13
30
33
FF
00
43
49
00
00
7F
00
00
49
00
00
F0
00
00
00
1C
00
1C
00
1C
00
1C
00
1C
00
00
02
F2
13
30
33
FF
00
41
49
00
00
41
00
00
4B
00
00
78
00
00
00
0E
00
0E
00
0E
00
0E
00
0E
00
00
04
FE
1F
30
3F
FF
00
61
69
00
00
41
00
00
7E
00
00
FC
3F
00
00
7F
00
7F
00
7F
00
7F
00
7F
00
00
04
FE
1F
30
3F
FF
00
3E
2F
00
00
00
00
00
3C
00
00
FC
3F
00
00
7F
00
7F
00
7F
00
7F
00
7F
00
00
08
F8
07
F8
FF
FF
00
1C
06
00
00
00
00
00
00
00
00
FC
3F
00
00
00
00
00
00
00
00
00
00
00
00
00
08
F8
07
F8
FF
FF
00
00
00
00
00
40
00
00
36
00
00
00
00
00
00
40
00
40
00
40
00
40
00
40
00
00
30
00
00
1E
00
00
00
1C
1C
00
00
40
00
00
79
00
00
00
00
00
00
40
00
40
00
40
00
40
00
40
00
00
30
00
00
1E
00
00
00
3E
3E
00
00
7F
00
00
59
00
00
00
00
00
00
7F
00
7F
00
7F
00
7F
00
7F
00
00
C0
FF
FF
E1
00
00
00
43
63
00
00
7F
00
00
4D
00
00
00
00
00
00
7F
00
7F
00
7F
00
7F
00
7F
00
00
C0
FF
FF
E1
00
00
00
41
41
00
00
40
00
00
4D
00
00
00
00
00
00
40
00
40
00
40
00
40
00
40
00
00
00
81
07
1C
03
00
00
61
41
00
00
40
00
00
37
00
00
00
00
00
00
40
00
40
00
40
00
40
00
40
00
00
00
81
07
1C
03
00
00
3E
63
00
00
00
00
00
06
00
00
00
00
00
00
00
00
00
00
00
00
00
00
00
00
00
80
00
19
C3
00
00
00
1C
22
00
00
00
00
00
00
00
00
00
00
00
00
00
00
00
00
00
00
00
00
00
00
00
80
00
19
C3
00
00
00
00
00
00
00
00
00
00
01
00
00
00
00
00
00
32
00
32
00
32
00
32
00
32
00
00
C0
FF
73
38
00
00
00
1C
3E
00
00
00
00
00
21
00
00
00
00
00
00
7B
00
7B
00
7B
00
7B
00
7B
00
00
C0
FF
73
38
00
00
00
3E
7F
00
00
00
00
00
7F
00
00
00
00
00
00
49
00
49
00
49
00
49
00
49
00
00
20
00
24
07
00
00
00
43
41
00
00
00
00
00
7F
00
00
00
00
00
00
49
00
49
00
49
00
49
00
49
00
00
20
00
24
07
00
00
00
41
41
00
00
00
00
00
01
00
00
00
00
00
00
69
00
69
00
69
00
69
00
69
00
00
E0
FF
C7
00
00
00
00
61
41
00
00
00
00
00
01
00
00
00
00
00
00
2F
00
2F
00
2F
00
2F
00
2F
00
00
E0
FF
C7
00
00
00
00
3E
7F
00
00
00
00
00
00
00
00
00
00
00
00
06
00
06
00
06
00
06
00
06
00
00
00
00
00
00
00
00
00
1C
3E
00